Nutzer 1

2006
1004
1002
501
502
501
501
500
500
501
502
500
500
501
501
500
602
2408
1203
1203
505
404
405
505
467
366
589
467
1566
4176
1566
1565
1464
3783
1098
855
1029
819
672
1093

Nutzer 2
1505
1505
1504
1504
2504
1504
2504
2505
2306
1805
1705
1705
2067
1544
3111
1544
2408
2408
2407
2408
1515
1818
1717
2019
1566
1443
1464
1220
2088
3655
2610
3133
2074
2196
1241
1341
1659
1721
1701
1827
 Nutzer 3

1505
1504
1002
2007
2004
1002
1002
1003
1103
1103
1103
1103
1023
1022
1023
1022
1805
3011
1203
1204
908
1010
1111
1111
955
956
1198
976
2610
2610
1566
1567
1586
1098
975
1708
778
713
799
820


Nutzer 4
2007
1504
2509
1505
2504
1502
1503
500
501
501
500
1103
1545
1023
1023
501
4214
1805
1204
4214
1414
808
404
2222
1564
1708
1320
955
3654
2088
2089
2610
2095
1708
1219
976
987
671
861
1260


Nutzer 5:
1504
3010
2509
1504
3612
2408
1807
1806
1211
1313
1010
1313
1077
1321
1443
1198
3132
4718
3653
5742
1729
1241
1219
997
1007
944
692
1553
3507
2004
2004
2004
1205
2910
1103
1205
1545
2588
1023
1023

Nutzer 6:
2517
1506
1002
1504
3111
2409
1806
2409
1716
1414
1414
1313
1199
1199
1077
1952
3131
3132
4177
2610
1586
1343
976
997
1659
881
755
1407
2505
2004
1503
1504
1705
1705
1705
1705
1546
1546
1544
1545

Nutzer 7:

2007
2509
2007
1505
1806
3612
1806
1305
1514
910
1515
1414
954
833
1443
976
2109
5221
4698
3132
1098
1098
977
996
1261
736
819
839
2505
3007
1503
1503
1103
1705
1705
1102
1023
2589
1023
1023


Nutzer 8:
3011
3512
3514
3514
4215
3613
3613
2407
2122
1414
2021
1919
1930
1564
1687
1321
6786
1566
2088
3133
1586
1850
732
733
589
1638
819
1134
2004
1503
1502
1003
1705
2908
1705
1806
2066
2066
1546
1544


Nutzer 9:
1505
1504
1002
2006
3132
2610
2610
5741
1463
1343
1220
976
924
903
671
1176
4509
1503
1503
1001
1102
1705
1103
1103
2066
1044
1545
1023
2409
1807
1805
1807
1011
1010
1011
1212
955
955
1077
956


Nutzer 10:
5019
3513
8533
3011
13050
10962
7831
8351
5856
3783
6467
6832
6468
3549
2079
2184
3506
3006
3508
4008
4114
5317
2307
6521
3111
2588
2588
2589
4815
4816
6019
6020
3938
2726
2525
3534
2662
1932
2296
2541


Nutzer 11:
1003
1003
1002
1003
1566
1044
1045
1043
1099
975
874
854
734
840
903
882
1503
1003
1001
1002
1103
602
1103
1103
1023
1023
1023
1023
1204
2509
1203
1806
1211
1111
1011
1110
854
955
1077
1076


Nutzer 12:
2007
3012
2509
3011
4177
4176
2610
2088
1830
1851
2318
1708
1953
1407
735
1323
2004
2004
1502
1503
1705
1806
1705
2306
2068
2067
1566
2588
2408
2409
3611
3612
1616
1918
2425
1919
1808
1078
1443
1077

